#1
double solar(7,2)   
 -0.1    0.1
  0      0.1
  0.25   0.8
  0.5    0.9
  0.75   1.0 
  1.0    0.95
  1.1    0.95 
double water(7,2)   
  0      0 
  0.01   0.1
  0.25   0.5
  0.5    0.7
  0.75    1.0 
  1.0    0.9 
  1.1    0.9
double battery(7,2)   
  0      0 
  0.01   0.1
  0.25   0.5
  0.5    0.7
  0.75    1.0 
  1.0    0.9 
  1.1    0.9
double trafo(6,2)   
  0      0.7
  0.25   0.9
  0.5    0.95
  0.75    1.0 
  1.0    0.97
  1.1    0.97
double solar(6,2)   
  0      0.7
  0.25   0.9
  0.5    0.95
  0.75    1.0 
  1.0    0.97
  1.1    0.97
double coal(12,2)   
 -10e6   0
  0      0.1
  0.1    0.5
  0.2    0.6
  0.3	 0.8
  0.4	 0.85
  0.5	 0.9
  0.6	 0.95
  0.7	 1
  0.8 	 0.95
  0.9 	 0.9
  1	 0.8
  1.1    0.8
double constOne(4,2)   # constant efficiency map
 -10e6   1 
  0      1
  1      1
  10e6   1
